232,6
232,5
232,4
232,3
232,1
232,0
231,8
231,7
231,6
231,5
231,4
231,3
231,1
231,0
230,6
230,5
230,4
230,3
230,1
230,0
229,7
229,6
229,5
229,4
229,3
229,1
229,0
228,5
228,4
228,3
228,1
228,0
227,6
227,5
227,4
227,3
227,1
227,0
226,8
226,7
226,6
226,5
226,4
226,3
226,1
226,0
225,6
225,5
225,4
225,3
225,1
225,0
224,7
224,6
224,5
224,4
224,3
224,1
224,0
223,6
223,5
223,4
223,3
223,1
223,0
222,6
222,5
222,4
222,3
222,1
222,0
221,6
221,5
221,4
221,3
221,1
221,0
220,8
220,7
220,6
220,5
220,4
220,3
220,1
220,0
0,508
219,7
219,6
219,5
219,4
219,3
219,1
219,0
218,8
218,7
218,6
218,5
218,4
218,3
218,1
218,0
217,7
217,6
217,5
217,4
217,3
217,1
217,0
216,6
216,5
216,4
216,3
216,1
216,0
215,7
215,6
215,5
215,4
215,3
215,1
215,0
214,5
214,4
214,3
214,1
214,0
213,5
213,4
213,3
213,1
213,0
212,5
212,4
212,3
212,1
212,0
211,5
211,4
211,3
211,1
211,0
210,5
210,4
210,3
210,1
210,0
209,5
209,4
209,3
209,1
209,0
208,5
208,4
208,3
208,1
208,0
207,6
207,5
207,4
207,3
207,1
207,0
206,8
206,7
206,6
206,5
206,4
206,3
206,1
206,0
205,6
205,5
205,4
205,3
205,1
205,0
204,7
204,6
204,5
204,4
204,3
204,1
204,0
203,5
203,4
203,3
203,1
203,0
202,6
202,5
202,4
202,3
202,1
202,0
201,8
201,7
201,6
201,5
201,4
201,3
201,1
201,0
200,6
200,5
200,4
200,3
200,1
200,0
199,7
199,6
199,5
199,4
199,3
199,1
199,0
198,6
198,5
198,4
198,3
198,1
198,0
197,6
197,5
197,4
197,3
197,1
197,0
196,6
196,5
196,4
196,3
196,1
196,0
195,8
195,7
195,6
195,5
195,4
195,3
195,1
195,0
194,7
194,6
194,5
194,4
194,3
194,1
194,0
193,8
193,7
193,6
193,5
193,4
193,3
193,1
193,0
192,7
192,6
192,5
192,4
192,3
192,1
192,0
191,6
191,5
191,4
191,3
191,1
191,0
190,7
190,6
190,5
190,4
190,3
190,1
190,0
189,5
189,4
189,3
189,1
189,0
188,5
188,4
188,3
188,1
188,0
187,5
0,491
187,4
187,3
187,1
187,0
186,5
186,4
186,3
186,1
186,0
185,5
185,4
