121,35
0,730
0,729
0,728
0,727
0,726
0,725
0,724
0,723
0,722
0,721
0,720
0,719
0,718
0,717
0,716
0,715
0,714
0,713
0,712
0,711
0,710
0,709
0,708
0,707
0,706
0,705
0,704
0,703
0,702
0,701
0,700
0,699
0,698
0,697
0,696
0,695
0,694
0,693
0,692
0,691
0,690
0,689
0,688
0,687
0,686
0,685
0,684
0,683
0,682
0,681
0,680
0,679
0,678
0,677
0,676
0,675
0,674
0,673
0,672
0,671
0,670
0,669
0,668
0,667
0,666
0,665
0,664
0,663
0,662
0,661
0,660
0,659
0,658
0,657
0,656
0,655
0,654
0,311
0,310
0,0
0,307
0,306
0,13
0,339
0,11
0,9
121,34
121,33
121,32
121,31
121,30
121,29
121,28
121,27
121,26
121,25
121,24
121,23
121,22
121,21
121,20
121,19
121,18
121,17
121,16
121,15
121,14
121,13
121,12
121,11
121,10
121,9
121,8
121,7
121,6
121,5
121,4
121,3
121,2
121,0
0,484
0,469
0,303
0,483
0,468
0,302
0,812
0,467
0,301
0,782
0,466
0,300
0,482
0,465
0,299
0,481
0,464
0,298
0,480
0,463
0,297
0,811
0,462
0,296
0,829
0,461
0,295
0,479
0,460
0,294
0,478
0,459
0,293
0,477
0,458
0,292
0,781
0,457
0,291
0,810
0,456
0,290
0,453
0,455
0,289
0,780
0,493
0,288
0,779
0,452
0,287
0,476
0,451
0,286
0,454
0,450
0,285
0,809
0,449
0,284
0,808
0,447
0,283
0,448
0,446
0,282
0,475
0,445
0,281
0,778
0,443
0,280
0,444
0,442
0,279
0,824
0,440
0,278
0,828
0,439
0,277
0,777
0,438
0,276
0,441
0,437
0,275
0,776
0,435
0,274
0,436
0,434
0,273
0,807
0,432
0,272
0,433
0,431
0,271
0,806
0,429
0,270
